0 0.153916 0.307377 0.300546 0.054645
0 0.149351 0.167208 0.272727 0.035714
0 0.156648 0.219262 0.306011 0.034153
0 0.162113 0.262295 0.298725 0.030055
0 0.153005 0.355874 0.284153 0.034153
0 0.171220 0.413251 0.295082 0.047814
0 0.159381 0.463115 0.296903 0.040984
0 0.162113 0.511612 0.302368 0.036885
0 0.164845 0.562158 0.293260 0.036885
0 0.167577 0.612022 0.309654 0.043716
0 0.483607 0.164617 0.289617 0.053279
0 0.492714 0.218579 0.307832 0.038251
0 0.488160 0.265710 0.291439 0.036885
0 0.488160 0.314891 0.284153 0.036885
0 0.488160 0.362705 0.298725 0.034153
0 0.480874 0.411202 0.276867 0.035519
0 0.479964 0.458333 0.278689 0.039617
0 0.483607 0.509563 0.285974 0.035519
0 0.490893 0.558743 0.271403 0.035519
0 0.493625 0.614754 0.276867 0.038251
0 0.808743 0.169399 0.284153 0.035519
0 0.805100 0.215164 0.298725 0.034153
0 0.809654 0.265710 0.307832 0.028689
0 0.817851 0.316257 0.273224 0.039617
0 0.813297 0.363388 0.296903 0.035519
0 0.816940 0.411202 0.304189 0.032787
0 0.819672 0.455601 0.316940 0.036885
0 0.819672 0.508880 0.316940 0.034153
0 0.820583 0.555328 0.315118 0.036885
0 0.826958 0.608607 0.320583 0.034153
